season	club	squad	average age	foreigners	average market value in euro	total market value in euro
2021	Bayern Munich	26	26.1	15	32330000	840500000
2021	Borussia Dortmund	33	25	18	18300000	603800000
2021	RB Leipzig	29	24.2	22	17160000	497550000
2021	Bayer Leverkusen	28	24.7	20	13840000	387450000
2021	VfL Wolfsburg	32	25.4	21	8940000	286030000
2021	Borussia Monchengladbach	28	25.6	15	9700000	271500000
2021	TSG Hoffenheim	33	25.8	20	6140000	202550000
2021	Eintracht Frankfurt	32	25.7	21	6260000	200450000
2021	VfB Stuttgart	34	23.4	19	5120000	174200000
2021	SC Freiburg	26	25.6	9	5080000	132150000
2021	Hertha Berlin	29	26.3	15	4230000	122700000
2021	Mainz	25	25.8	13	4250000	106200000
2021	FC Augsburg	28	26.3	17	3330000	93100000
2021	FC Cologne	29	25.6	11	2810000	81460000
2021	1. FC Union Berlin	31	27.2	13	2530000	78300000
2021	Arminia Bielefeld	24	25	15	2200000	52750000
2021	VfL Bochum	30	27.7	14	1270000	38100000
2021	SpVgg Greuther F端rth	31	24.7	11	1190000	37030000
2020	Bayern Munich	45	22.9	21	17250000	776280000
2020	Borussia Dortmund	32	24	16	18120000	579730000
2020	RB Leipzig	32	22.7	22	15260000	488480000
2020	Bayer Leverkusen	33	24.1	21	10200000	336450000
2020	Borussia Monchengladbach	33	24.7	19	8310000	274130000
2020	Hertha Berlin	38	23.4	21	7080000	269230000
2020	TSG Hoffenheim	37	24.1	25	6500000	240400000
2020	Schalke 04	45	23.8	25	5030000	226400000
2020	Eintracht Frankfurt	36	24.7	24	6180000	222450000
2020	VfL Wolfsburg	30	25	20	6510000	195250000
2020	Mainz	36	23.9	18	3690000	133000000
2020	Werder Bremen	33	24.2	15	4030000	132830000
2020	FC Cologne	36	23.9	15	3610000	129850000
2020	FC Augsburg	31	24.8	18	3300000	102280000
2020	SC Freiburg	30	24.2	13	3310000	99150000
2020	VfB Stuttgart	32	22.9	16	2150000	68700000
2020	1. FC Union Berlin	33	24.8	10	1730000	56980000
2020	Arminia Bielefeld	33	23.9	16	1580000	52000000
2019	Bayern Munich	38	22.7	20	23990000	911730000
2019	Borussia Dortmund	37	23.5	19	18680000	691030000
2019	RB Leipzig	38	22	26	14790000	561900000
2019	Bayer Leverkusen	29	24.2	18	15210000	440950000
2019	TSG Hoffenheim	37	25.4	25	7890000	292030000
2019	Hertha Berlin	42	23.3	20	6790000	285150000
2019	Borussia Monchengladbach	34	24.9	19	7680000	260950000
2019	Eintracht Frankfurt	35	25.4	23	7060000	247100000
2019	VfL Wolfsburg	38	23.7	23	6220000	236350000
2019	Schalke 04	33	23.2	19	6480000	213730000
2019	Werder Bremen	36	25.2	18	5610000	201930000
2019	Mainz	35	23	19	4360000	152530000
2019	FC Augsburg	37	24.4	18	3610000	133450000
2019	SC Freiburg	30	24.8	10	4040000	121180000
2019	FC Cologne	35	24.3	12	3340000	116950000
2019	Fortuna D端sseldorf	37	25.2	16	2600000	96230000
2019	1. FC Union Berlin	34	25.2	11	1180000	40250000
2019	SC Paderborn	32	24.4	14	818000	26180000
2018	Bayern Munich	32	24.7	15	26110000	835550000
2018	Borussia Dortmund	34	23.4	19	11080000	376800000
2018	Bayer Leverkusen	31	23.6	16	11590000	359350000
2018	RB Leipzig	34	21.6	22	9250000	314450000
2018	Schalke 04	39	24.1	24	6250000	243900000
2018	Borussia Monchengladbach	30	24.2	17	6380000	191530000
2018	TSG Hoffenheim	38	23.5	22	4960000	188630000
2018	VfB Stuttgart	34	23.9	17	4690000	159450000
2018	VfL Wolfsburg	36	24.1	21	4050000	145630000
2018	Eintracht Frankfurt	47	23.8	29	2970000	139550000
2018	Hertha Berlin	36	23.5	19	3480000	125230000
2018	Werder Bremen	33	24.8	18	3360000	110850000
2018	FC Augsburg	40	23.9	19	2520000	100950000
2018	Hannover 96	37	24.7	18	2660000	98280000
2018	SC Freiburg	34	24	9	2770000	94280000
2018	Mainz	35	23.8	20	2470000	86600000
2018	Fortuna D端sseldorf	34	25.3	16	1390000	47430000
2018	1. FC N端rnberg	29	24.2	11	1480000	42950000
2017	Bayern Munich	38	23.7	18	16060000	610250000
2017	Borussia Dortmund	35	24	19	12840000	449230000
2017	Bayer Leverkusen	27	24.3	14	8350000	225400000
2017	Schalke 04	29	24.6	18	7080000	205200000
2017	RB Leipzig	28	23.1	19	7180000	200980000
2017	VfL Wolfsburg	33	23.3	19	4570000	150850000
2017	Borussia Monchengladbach	35	23.6	19	4290000	150180000
2017	TSG Hoffenheim	36	23.1	14	3430000	123400000
2017	FC Cologne	38	23.5	18	3180000	120730000
2017	Hertha Berlin	32	23.9	15	2810000	90080000
2017	Eintracht Frankfurt	36	24	24	2290000	82300000
2017	Werder Bremen	33	24.6	19	2380000	78430000
2017	Mainz	33	24.4	19	2320000	76680000
2017	VfB Stuttgart	34	23.8	17	2180000	73950000
2017	SC Freiburg	36	24.5	14	2020000	72730000
2017	Hamburg SV	34	23.5	16	2060000	70080000
2017	FC Augsburg	33	24.6	17	1650000	54380000
2017	Hannover 96	30	24.9	12	1630000	48800000
2016	Bayern Munich	33	25.1	18	18040000	595400000
2016	Borussia Dortmund	31	24.2	16	10360000	321050000
2016	Bayer Leverkusen	39	22.8	22	6270000	244580000
2016	Schalke 04	39	23.7	22	6120000	238750000
2016	VfL Wolfsburg	43	23.5	21	5240000	225350000
2016	Borussia Monchengladbach	33	23.4	15	4720000	155800000
2016	Hamburg SV	38	23.6	20	2500000	94980000
2016	Mainz	39	23.3	23	2200000	85700000
2016	FC Cologne	30	24.4	13	2580000	77400000
2016	TSG Hoffenheim	33	23.5	16	2320000	76550000
2016	Hertha Berlin	33	24	15	2300000	76000000
2016	Werder Bremen	41	24.5	20	1830000	75080000
2016	RB Leipzig	33	22.6	17	2100000	69180000
2016	FC Augsburg	37	25.3	21	1870000	69030000
2016	Eintracht Frankfurt	35	23.1	22	1890000	66100000
2016	SC Freiburg	36	24	13	1120000	40250000
2016	FC Ingolstadt 04	32	23.8	15	1150000	36680000
2016	SV Darmstadt 98	39	25.7	17	842000	32830000
2015	Bayern Munich	34	24.9	19	17900000	608500000
2015	Borussia Dortmund	30	23.9	13	10390000	311600000
2015	VfL Wolfsburg	35	24.5	19	7580000	265430000
2015	Schalke 04	32	23.9	14	6540000	209350000
2015	Bayer Leverkusen	33	23.2	21	6080000	200750000
2015	Borussia Monchengladbach	29	24.4	17	4810000	139550000
2015	TSG Hoffenheim	30	23.9	16	3660000	109900000
2015	Eintracht Frankfurt	35	23.9	21	2500000	87500000
2015	VfB Stuttgart	34	23.8	18	2430000	82600000
2015	Hamburg SV	35	24.8	18	2120000	74080000
2015	Hannover 96	39	23.5	21	1890000	73580000
2015	Hertha Berlin	34	24.3	15	2150000	73100000
2015	Mainz	39	24.3	22	1730000	67550000
2015	FC Augsburg	39	24.9	21	1600000	62530000
2015	Werder Bremen	39	23.6	18	1530000	59500000
2015	FC Cologne	25	24	12	2080000	52050000
2015	FC Ingolstadt 04	29	24.2	16	841000	24380000
2015	SV Darmstadt 98	30	26.3	8	660000	19800000
