name	train_loss	train_acc	test_loss	test_acc 
Adadelta_KLD	23.083152770996094	0.3790157735347748	23.734073638916016	0.3997028172016144
Adadelta_MAE	0.9510369300842285	0.3790157735347748	0.9784547090530396	0.3997028172016144
Adadelta_MAPE	94645688.0	0.2581244111061096	87914856.0	0.24665676057338715
Adadelta_MSE	1.456391453742981	0.28449395298957825	1.5113914012908936	0.26523029804229736
Adadelta_MSLE	0.4791683554649353	0.3790157735347748	0.4935553967952728	0.3997028172016144
Adadelta_categorical_hinge	0.5678737163543701	0.3091922104358673	0.5274888277053833	0.3008915185928345
Adadelta_hinge	0.7613121867179871	0.3790157735347748	0.7545815110206604	0.3997028172016144
Adadelta_huber	0.60185706615448	0.3058495819568634	0.6224616169929504	0.28603267669677734
Adadelta_kl_divergence	23.083147048950195	0.33704736828804016	23.734073638916016	0.3365527391433716
Adadelta_kld	23.083147048950195	0.33704736828804016	23.734073638916016	0.3365527391433716
Adadelta_kullback_leibler_divergence	23.083147048950195	0.4282265603542328	23.734073638916016	0.44130757451057434
Adadelta_log_cosh	0.5281266570091248	0.429712176322937	0.5463284254074097	0.4457652270793915
Adadelta_mae	0.9510366916656494	0.28393685817718506	0.9784547090530396	0.26374441385269165
Adadelta_mape	94645664.0	0.33704736828804016	87914856.0	0.3365527391433716
Adadelta_mean_absolute_error	0.9510366916656494	0.3790157735347748	0.9784547090530396	0.3997028172016144
Adadelta_mean_absolute_percentage_error	94645664.0	0.34076136350631714	87914856.0	0.3580980598926544
Adadelta_mean_squared_error	1.456391453742981	0.28393685817718506	1.5113914012908936	0.26374441385269165
Adadelta_mean_squared_logarithmic_error	0.47916826605796814	0.2843082547187805	0.4935553967952728	0.2934620976448059
Adadelta_mse	1.4563910961151123	0.33704736828804016	1.5113914012908936	0.3365527391433716
Adadelta_msle	0.47916847467422485	0.3790157735347748	0.4935553967952728	0.3997028172016144
Adadelta_poisson	12.100393295288086	0.31847724318504333	12.539657592773438	0.3120356500148773
Adadelta_sparse_categorical_crossentropy	2823823.75	0.3634169101715088	2720301.0	0.34026744961738586
Adadelta_squared_hinge	0.7613123655319214	0.2516248822212219	0.7545815110206604	0.22659732401371002
Adagrad_KLD	23.083158493041992	0.2750232219696045	23.734073638916016	0.28751856088638306
Adagrad_MAE	0.9510368704795837	0.4150417745113373	0.9784547090530396	0.4286775588989258
Adagrad_MAPE	94645672.0	0.3790157735347748	87914856.0	0.3997028172016144
Adagrad_MSE	1.4563912153244019	0.3849582076072693	1.5113914012908936	0.40564635396003723
Adagrad_MSLE	0.47916853427886963	0.2631383538246155	0.4935553967952728	0.24962852895259857
Adagrad_categorical_hinge	0.5678737163543701	0.28393685817718506	0.5274888277053833	0.26374441385269165
Adagrad_hinge	0.7613123655319214	0.3790157735347748	0.7545815110206604	0.3997028172016144
Adagrad_huber	0.6018568873405457	0.341132789850235	0.6224616169929504	0.3075779974460602
Adagrad_kl_divergence	23.083154678344727	0.3138347268104553	23.734073638916016	0.3090638816356659
Adagrad_kld	23.083152770996094	0.28393685817718506	23.734073638916016	0.26374441385269165
Adagrad_kullback_leibler_divergence	23.083158493041992	0.28393685817718506	23.734073638916016	0.26374441385269165
Adagrad_log_cosh	0.5281264781951904	0.3790157735347748	0.5463284254074097	0.3997028172016144
Adagrad_mae	0.9510367512702942	0.33704736828804016	0.9784547090530396	0.3365527391433716
Adagrad_mape	94645664.0	0.3790157735347748	87914856.0	0.3997028172016144
Adagrad_mean_absolute_error	0.9510369300842285	0.3790157735347748	0.9784547090530396	0.3997028172016144
Adagrad_mean_absolute_percentage_error	94645672.0	0.28133705258369446	87914856.0	0.29123327136039734
Adagrad_mean_squared_error	1.4563912153244019	0.3777158856391907	1.5113914012908936	0.35958394408226013
Adagrad_mean_squared_logarithmic_error	0.4791686236858368	0.3541318476200104	0.4935553967952728	0.36404159665107727
Adagrad_mse	1.4563915729522705	0.33704736828804016	1.5113914012908936	0.3365527391433716
Adagrad_msle	0.47916853427886963	0.291922003030777	0.4935553967952728	0.2726597189903259
Adagrad_poisson	12.100393295288086	0.28393685817718506	12.539657592773438	0.26374441385269165
Adagrad_sparse_categorical_crossentropy	39004.9296875	0.4072423279285431	35432.0703125	0.41530460119247437
Adagrad_squared_hinge	0.7613124251365662	0.261838436126709	0.7545815110206604	0.2592867612838745
Adam_KLD	23.083152770996094	0.3790157735347748	23.734073638916016	0.3997028172016144
Adam_MAE	0.9510371088981628	0.311049222946167	0.9784547090530396	0.30460622906684875
Adam_MAPE	94645696.0	0.2521819770336151	87914856.0	0.24739970266819
Adam_MSE	1.4563912153244019	0.2384401112794876	1.5113914012908936	0.21396730840206146
Adam_MSLE	0.47916853427886963	0.27595171332359314	0.4935553967952728	0.26523029804229736
Adam_categorical_hinge	0.5678737163543701	0.34224697947502136	0.5274888277053833	0.334323912858963
Adam_hinge	0.7613123655319214	0.36768803000450134	0.7545815110206604	0.3855869174003601
Adam_huber	0.6018569469451904	0.33704736828804016	0.6224616169929504	0.3365527391433716
Adam_kl_divergence	23.083152770996094	0.28393685817718506	23.734073638916016	0.26374441385269165
Adam_kld	23.083152770996094	0.28393685817718506	23.734073638916016	0.26374441385269165
Adam_kullback_leibler_divergence	23.083152770996094	0.28393685817718506	23.734073638916016	0.26374441385269165
Adam_log_cosh	0.5281265377998352	0.28393685817718506	0.5463284254074097	0.26374441385269165
Adam_mae	0.9510367512702942	0.2882079780101776	0.9784547090530396	0.2667161822319031
Adam_mape	94645664.0	0.28393685817718506	87914856.0	0.26374441385269165
Adam_mean_absolute_error	0.9510367512702942	0.28393685817718506	0.9784547090530396	0.26374441385269165
Adam_mean_absolute_percentage_error	94645688.0	0.398700088262558	87914856.0	0.4301634430885315
Adam_mean_squared_error	1.4563908576965332	0.27985143661499023	1.5113914012908936	0.2659732401371002
Adam_mean_squared_logarithmic_error	0.4791683852672577	0.4061281383037567	0.4935553967952728	0.4093610644340515
Adam_mse	1.4563912153244019	0.28393685817718506	1.5113914012908936	0.26374441385269165
Adam_msle	0.479168564081192	0.3452182114124298	0.4935553967952728	0.32540860772132874
Adam_poisson	12.100391387939453	0.40631383657455444	12.539657592773438	0.43462109565734863
Adam_sparse_categorical_crossentropy	232896.921875	0.4157845973968506	376273.75	0.36255571246147156
Adam_squared_hinge	0.7613123655319214	0.33704736828804016	0.7545815110206604	0.3365527391433716
Adamax_KLD	23.083158493041992	0.2703806757926941	23.734073638916016	0.25854381918907166
Adamax_MAE	0.9510366916656494	0.4020427167415619	0.9784547090530396	0.43759286403656006
Adamax_MAPE	94645696.0	0.34484678506851196	87914856.0	0.339524507522583
Adamax_MSE	1.4563915729522705	0.30417826771736145	1.5113914012908936	0.29123327136039734
Adamax_MSLE	0.479168564081192	0.33704736828804016	0.4935553967952728	0.3365527391433716
Adamax_categorical_hinge	0.5678737163543701	0.33704736828804016	0.5274888277053833	0.3365527391433716
Adamax_hinge	0.7613123655319214	0.24326834082603455	0.7545815110206604	0.23254086077213287
Adamax_huber	0.6018571257591248	0.2495821714401245	0.6224616169929504	0.22734026610851288
Adamax_kl_divergence	23.083148956298828	0.3790157735347748	23.734073638916016	0.3997028172016144
Adamax_kld	23.083152770996094	0.392386257648468	23.734073638916016	0.4145616590976715
Adamax_kullback_leibler_divergence	23.08315086364746	0.261838436126709	23.734073638916016	0.2630014717578888
Adamax_log_cosh	0.5281264781951904	0.36973074078559875	0.5463284254074097	0.38484397530555725
Adamax_mae	0.9510366916656494	0.2542246878147125	0.9784547090530396	0.23254086077213287
Adamax_mape	94645672.0	0.33704736828804016	87914856.0	0.3365527391433716
Adamax_mean_absolute_error	0.9510366916656494	0.2581244111061096	0.9784547090530396	0.24888558685779572
Adamax_mean_absolute_percentage_error	94645688.0	0.3019498586654663	87914856.0	0.30460622906684875
Adamax_mean_squared_error	1.4563913345336914	0.31457751989364624	1.5113914012908936	0.3001485764980316
Adamax_mean_squared_logarithmic_error	0.4791683554649353	0.3790157735347748	0.4935553967952728	0.3997028172016144
Adamax_mse	1.4563912153244019	0.3903435468673706	1.5113914012908936	0.3751857280731201
Adamax_msle	0.4791683554649353	0.3587743639945984	0.4935553967952728	0.3410103917121887
Adamax_poisson	12.100391387939453	0.34020426869392395	12.539657592773438	0.33358097076416016
Adamax_sparse_categorical_crossentropy	169186.71875	0.41949859261512756	148954.765625	0.30832093954086304
Adamax_squared_hinge	0.7613123655319214	0.34670379757881165	0.7545815110206604	0.33209508657455444
Ftrl_KLD	2.3600261211395264	0.28393685817718506	2.426577091217041	0.26374441385269165
Ftrl_MAE	0.9510365724563599	0.28393685817718506	0.9784547090530396	0.26374441385269165
Ftrl_MAPE	94645688.0	0.28393685817718506	87914856.0	0.26374441385269165
Ftrl_MSE	1.2341684103012085	0.28393685817718506	1.289169430732727	0.26374441385269165
Ftrl_MSLE	0.3281538486480713	0.28393685817718506	0.3400053381919861	0.26374441385269165
Ftrl_categorical_hinge	0.37858250737190247	0.28393685817718506	0.35165920853614807	0.26374441385269165
Ftrl_hinge	0.6349737048149109	0.28393685817718506	0.621347188949585	0.26374441385269165
Ftrl_huber	0.5328587889671326	0.28393685817718506	0.555761992931366	0.26374441385269165
Ftrl_kl_divergence	2.3600265979766846	0.28393685817718506	2.426577091217041	0.26374441385269165
Ftrl_kld	2.3600265979766846	0.28393685817718506	2.426577091217041	0.26374441385269165
Ftrl_kullback_leibler_divergence	2.360027551651001	0.28393685817718506	2.426577091217041	0.26374441385269165
Ftrl_log_cosh	0.4676864445209503	0.28393685817718506	0.4873465299606323	0.26374441385269165
Ftrl_mae	0.9510367512702942	0.28393685817718506	0.9784547090530396	0.26374441385269165
Ftrl_mape	94645664.0	0.28393685817718506	87914856.0	0.26374441385269165
Ftrl_mean_absolute_error	0.9510367512702942	0.28393685817718506	0.9784547090530396	0.26374441385269165
Ftrl_mean_absolute_percentage_error	94645672.0	0.28393685817718506	87914856.0	0.26374441385269165
Ftrl_mean_squared_error	1.2341684103012085	0.28393685817718506	1.289169430732727	0.26374441385269165
Ftrl_mean_squared_logarithmic_error	0.3281538486480713	0.28393685817718506	0.3400053381919861	0.26374441385269165
Ftrl_mse	1.2341681718826294	0.28393685817718506	1.289169430732727	0.26374441385269165
Ftrl_msle	0.3281538188457489	0.28393685817718506	0.3400053381919861	0.26374441385269165
Ftrl_poisson	1.5364007949829102	0.28393685817718506	1.5813106298446655	0.26374441385269165
Ftrl_sparse_categorical_crossentropy	41466.78125	0.42469823360443115	56779.6484375	0.4160475432872772
Ftrl_squared_hinge	0.475848525762558	0.28393685817718506	0.4577348232269287	0.26374441385269165
Nadam_KLD	23.083152770996094	0.2848653793334961	23.734073638916016	0.30609211325645447
Nadam_MAE	0.9510372281074524	0.31717735528945923	0.9784547090530396	0.29940563440322876
Nadam_MAPE	94645632.0	0.3790157735347748	87914856.0	0.3997028172016144
Nadam_MSE	1.4563912153244019	0.36713090538978577	1.5113914012908936	0.38855868577957153
Nadam_MSLE	0.4791683554649353	0.35543176531791687	0.4935553967952728	0.3358097970485687
Nadam_categorical_hinge	0.5678737163543701	0.2789229452610016	0.5274888277053833	0.26523029804229736
Nadam_hinge	0.7613122463226318	0.36694520711898804	0.7545815110206604	0.3922733962535858
Nadam_huber	0.6018569469451904	0.3790157735347748	0.6224616169929504	0.3997028172016144
Nadam_kl_divergence	23.083152770996094	0.3045496642589569	23.734073638916016	0.3053491711616516
Nadam_kld	23.08315658569336	0.3247910737991333	23.734073638916016	0.31649330258369446
Nadam_kullback_leibler_divergence	23.083152770996094	0.33704736828804016	23.734073638916016	0.3365527391433716
Nadam_log_cosh	0.5281265377998352	0.2874651849269867	0.5463284254074097	0.3053491711616516
Nadam_mae	0.9510367512702942	0.33704736828804016	0.9784547090530396	0.3365527391433716
Nadam_mape	94645640.0	0.28393685817718506	87914856.0	0.26374441385269165
Nadam_mean_absolute_error	0.9510369300842285	0.39405757188796997	0.9784547090530396	0.39004456996917725
Nadam_mean_absolute_percentage_error	94645632.0	0.28393685817718506	87914856.0	0.26374441385269165
Nadam_mean_squared_error	1.4563909769058228	0.32051995396614075	1.5113914012908936	0.31797918677330017
Nadam_mean_squared_logarithmic_error	0.47916826605796814	0.33704736828804016	0.4935553967952728	0.3365527391433716
Nadam_mse	1.4563909769058228	0.28393685817718506	1.5113914012908936	0.26374441385269165
Nadam_msle	0.4791686236858368	0.3351903557777405	0.4935553967952728	0.3075779974460602
Nadam_poisson	12.100388526916504	0.30473536252975464	12.539657592773438	0.2838038504123688
Nadam_sparse_categorical_crossentropy	208748.03125	0.4098421633243561	167852.015625	0.41381871700286865
Nadam_squared_hinge	0.7613121867179871	0.2869080901145935	0.7545815110206604	0.26523029804229736
RMSprop_KLD	23.083154678344727	0.33704736828804016	23.734073638916016	0.3365527391433716
RMSprop_MAE	0.9510371088981628	0.3790157735347748	0.9784547090530396	0.3997028172016144
RMSprop_MAPE	94645672.0	0.3433611989021301	87914856.0	0.33506685495376587
RMSprop_MSE	1.4563908576965332	0.27019497752189636	1.5113914012908936	0.28083208203315735
RMSprop_MSLE	0.4791682958602905	0.24085421860218048	0.4935553967952728	0.2355126291513443
RMSprop_categorical_hinge	0.5678737163543701	0.33704736828804016	0.5274888277053833	0.3365527391433716
RMSprop_hinge	0.7613120079040527	0.3823584020137787	0.7545815110206604	0.40193164348602295
RMSprop_huber	0.60185706615448	0.33704736828804016	0.6224616169929504	0.3365527391433716
RMSprop_kl_divergence	23.08315086364746	0.28393685817718506	23.734073638916016	0.26374441385269165
RMSprop_kld	23.083147048950195	0.3962859809398651	23.734073638916016	0.39375928044319153
RMSprop_kullback_leibler_divergence	23.083158493041992	0.3790157735347748	23.734073638916016	0.3997028172016144
RMSprop_log_cosh	0.52812659740448	0.33704736828804016	0.5463284254074097	0.3365527391433716
RMSprop_mae	0.9510365724563599	0.3522748351097107	0.9784547090530396	0.33358097076416016
RMSprop_mape	94645664.0	0.23398329317569733	87914856.0	0.20950965583324432
RMSprop_mean_absolute_error	0.9510368704795837	0.33704736828804016	0.9784547090530396	0.3365527391433716
RMSprop_mean_absolute_percentage_error	94645656.0	0.33704736828804016	87914856.0	0.3365527391433716
RMSprop_mean_squared_error	1.4563910961151123	0.34150418639183044	1.5113914012908936	0.33729568123817444
RMSprop_mean_squared_logarithmic_error	0.47916826605796814	0.33704736828804016	0.4935553967952728	0.3365527391433716
RMSprop_mse	1.4563910961151123	0.3116063177585602	1.5113914012908936	0.3053491711616516
RMSprop_msle	0.47916844487190247	0.23992571234703064	0.4935553967952728	0.23625557124614716
RMSprop_poisson	12.10038948059082	0.41429898142814636	12.539657592773438	0.44799405336380005
RMSprop_sparse_categorical_crossentropy	540597.5	0.3818013072013855	519907.8125	0.3684992492198944
RMSprop_squared_hinge	0.7613120079040527	0.2828226685523987	0.7545815110206604	0.26225852966308594
SGD_KLD	23.083147048950195	0.26815226674079895	23.734073638916016	0.26745912432670593
SGD_MAE	0.9510369300842285	0.28393685817718506	0.9784547090530396	0.26374441385269165
SGD_MAPE	94645664.0	0.28393685817718506	87914856.0	0.26374441385269165
SGD_MSE	1.4563909769058228	0.34076136350631714	1.5113914012908936	0.35958394408226013
SGD_MSLE	0.479168176651001	0.3790157735347748	0.4935553967952728	0.3997028172016144
SGD_categorical_hinge	0.5678737163543701	0.3704735338687897	0.5274888277053833	0.3855869174003601
SGD_hinge	0.761559784412384	0.29897865653038025	0.7545815110206604	0.30312034487724304
SGD_huber	0.6018569469451904	0.28393685817718506	0.6224616169929504	0.26374441385269165
SGD_kl_divergence	23.083152770996094	0.2607242465019226	23.734073638916016	0.24888558685779572
SGD_kld	23.08315086364746	0.28393685817718506	23.734073638916016	0.26374441385269165
SGD_kullback_leibler_divergence	23.08315086364746	0.3790157735347748	23.734073638916016	0.3997028172016144
SGD_log_cosh	0.5281264781951904	0.3181058466434479	0.5463284254074097	0.2949479818344116
SGD_mae	0.9510366916656494	0.28393685817718506	0.9784547090530396	0.26374441385269165
SGD_mape	94645688.0	0.4001857042312622	87914856.0	0.3974739909172058
SGD_mean_absolute_error	0.9510368704795837	0.3790157735347748	0.9784547090530396	0.3997028172016144
SGD_mean_absolute_percentage_error	94645672.0	0.3790157735347748	87914856.0	0.3997028172016144
SGD_mean_squared_error	1.45639169216156	0.33704736828804016	1.5113914012908936	0.3365527391433716
SGD_mean_squared_logarithmic_error	0.47916826605796814	0.40575674176216125	0.4935553967952728	0.4353640377521515
SGD_mse	1.4563912153244019	0.33704736828804016	1.5113914012908936	0.3365527391433716
SGD_msle	0.47916853427886963	0.42024141550064087	0.4935553967952728	0.4450222849845886
SGD_poisson	12.100391387939453	0.38402971625328064	12.539657592773438	0.40564635396003723
SGD_sparse_categorical_crossentropy	1.0918395519256592	0.3790157735347748	1.0858924388885498	0.3997028172016144
SGD_squared_hinge	0.7613125443458557	0.33704736828804016	0.7545815110206604	0.3365527391433716
